120002.8604037884
120002.8604037884
120002.8604037884
120002.8604037884
120082.69
120082.69
120082.69
120082.69
120082.69
120082.69
120082.69
120082.69
120082.69
120082.69
120082.69
120082.69
120082.69
120082.69
120082.69
120082.69
120082.69
120082.69
120082.69
120082.69
120082.69
120082.69
120082.69
120082.69
120082.69
120082.69
120041.23
120041.23
120041.23
120041.23
120041.23
120041.23
120041.23
120041.23
120041.23
120041.23
120041.23
120041.23
120041.23
120041.23
120041.23
120041.23
120041.23
120041.23
120041.23
120041.23
120041.23
120041.23
120041.23
120041.23
119972.12
119972.12
119972.12
119972.12
119972.12
119972.12
119972.12
119972.12
119972.12
119972.12
120049.00
120049.00
120049.00
120049.00
120032
120032
120032
120032
120026
120026
120022
120022
120015
120015
120015
120015
119993
119993
119993
119953
119970
119953
119953
119953
119948
119948
119953
119953
119950
119950
119950
119950
119935
119935
119914
119914
119914
119914
119915
119915
119943
119943
119943
119936
119936
119927
119927
119927
119927
119905
119905
119905
119901
119901
119908
119908
119908
119918
119918
119924
119924
119923
119923
119923
119923
119914
119914
119914
119914
119913
119912
119912
119911
119911
119911
119597
119597
119584
119574
119574
119574
119574
119568
119556
119556
119556
119531
119531
119531
119504
119504
119504
119453.00
119453.00
119437.00
119464.00
119464.00
119464.00
119464.00
119464.00
119464.00
119464.00
119464.00
119480.00
119480.00
119480.00
119480.00
119480.00
119480.00
119480.00
119493.00
119493.00
119507.00
119507.00
119507.00
119507.00
119507.00
119507.00
119501.00
119501.00
119501.00
119501.00
119501.00
119501.00
119501.00
119501.00
119501.00
119487.00
119487.00
119437.00
119437.00
119437.00
119441.00
119441.00
119441.00
119441.00
119441.00
119441.00
119441.00
119443.00
