4601.998695990084
4601.998695990084
4601.998695990084
4601.998695990084
4602.00
4602.00
4602.00
4602.00
4602.00
4603.59
4603.59
4603.59
4603.59
4603.59
4603.59
4603.59
4603.59
4603.59
4603.59
4603.59
4603.59
4603.59
4603.59
4603.59
4603.59
4603.59
4603.59
4603.59
4603.59
4603.59
4603.59
4603.59
4603.59
4603.59
4603.59
4603.59
4603.59
4603.59
4603.59
4603.59
4603.59
4603.59
4603.59
4603.59
4603.59
4603.59
4603.59
4603.59
4603.59
4603.59
4603.59
4603.59
4603.59
4603.59
4582.11
4582.11
4582.11
4582.11
4582.11
4582.11
4582.11
4596.92
4596.92
4596.92
4601.46
4601.46
4601.46
4601.46
4601.46
4601.93
4601.46
4601.93
4602.25
4602.25
4602.25
4601.96
4601.96
4602.16
4602.16
4602.76
4602.76
4602.76
4600.88
4600.38
4600.38
4600.38
4599.21
4599.32
4599.21
4599.46
4599.46
4599.46
4599.46
4599.46
4604.1
4604.1
4604.1
4604.35
4604.1
4604.35
4604
4604
4604
4606
4606
4604
4606.31
4606.31
4610.01
4606.31
4606.31
4611
4611
4611
4611
4611
4613.54
4613.54
4613.54
4613.54
4615.41
4615.41
4615.65
4615.65
4615.65
4617.45
4617.45
4618.53
4619.42
4619.42
4619.42
4619.42
4618.97
4618.97
4618.56
4618.56
4620.56
4620.56
4620.56
4622.29
4622.29
4622.29
4622.29
4603.77
4603.77
4603.77
4602.18
4602.18
4602.18
4602.18
4598.09
4598.09
4598.09
4596.09
4592.32
4592.32
4589.68
4589.68
4589.68
4589.68
4583.35
4583.35
4583.35
4583.47
4583.47
4583.47
4583.47
4583.47
4583.47
4583.47
4583.47
4581.71
4581.71
4581.71
4581.71
4581.71
4581.71
4581.71
4581.06
4578.95
4578.95
4578.95
4578.95
4578.95
4578.95
4578.95
4580.19
4580.19
4580.19
4580.19
4580.19
4580.19
4580.19
4580.19
4580.19
4581.90
4581.90
4581.80
4581.80
4581.80
4581.27
4581.27
4581.27
4581.27
4581.27
4581.27
4581.27
4581.11
4581.11
4581.11
4581.11
4581.11
4581.11
4581.11
4580.95
4580.95
4580.95
4579.12
4579.12
4579.12
4579.12
4580.13
4580.13
4580.13
4580.13
4580.13
4579.46
4579.46
4579.46
4579.46
4579.46
4579.46
4579.46
4579.46
4579.46
4579.46
4579.46
4577.98
4577.98
4577.98
4577.98
4577.98
4577.98
4577.98
4576.45
4576.45
4576.45
4576.45
4575.75
4575.75
4575.75
4575.75
4575.75
4575.54
4575.54
4575.54
4575.54
4575.54
4575.54
4575.54
4575.54
4575.18
4575.18
4574.91
4574.91
4574.91
4574.91
4574.91
4574.91
4574.70
4573.272
4573.272
4573.2686
4573.2686
4573.2686
4573.2686
4573.2686
4573.2686
4573.2197
4573.2197
4573.2197
4573.2197
4573.2197
4573.177
4573.177
4573.177
4573.177
