119900.36141148368
119900.36141148368
119900.36141148368
119900.36141148368
120047.90790637268
120047.90790637268
120047.90790637268
120047.90790637268
120047.90790637268
120047.90790637268
120047.90790637268
120047.90790637268
120047.90790637268
120047.90790637268
120047.90790637268
120047.90790637268
120047.90790637268
120047.90790637268
120047.90790637268
120047.90790637268
120047.90790637268
120047.90790637268
120047.90790637268
120047.90790637268
120047.90790637268
120047.90790637268
120047.90790637268
120047.90790637268
120047.90790637268
120047.90790637268
120047.90790637268
120047.90790637268
120047.90790637268
120100.9462986509
120100.9462986509
120100.9462986509
120100.9462986509
120100.9462986509
120100.9462986509
120100.9462986509
120100.9462986509
120100.9462986509
120100.9462986509
120100.9462986509
120080.62
120080.62
120080.62
120080.62
120080.62
120080.62
120080.62
120080.62
120080.62
120080.62
120080.62
120080.62
120080.62
120080.62
120080.62
120080.62
120080.62
