4595.49
4595.49
4595.49
4595.49
4595.49
4595.25
4595.25
4595.25
4595.25
4595.25
4595.25
4591.437290989155
4591.437290989155
4591.437290989155
4591.437290989155
4591.437290989155
4591.437290989155
4591.437290989155
4591.437290989155
4591.437290989155
4591.437290989155
4591.437290989155
4591.437290989155
4591.437290989155
4591.437290989155
4591.437290989155
4591.437290989155
4591.437290989155
4591.437290989155
4591.437290989155
4591.437290989155
4591.437290989155
4591.437290989155
4591.437290989155
4591.437290989155
4591.437290989155
4591.437290989155
4591.437290989155
4591.437290989155
4591.437290989155
4586.597858325717
4586.597858325717
4586.597858325717
4586.597858325717
4586.597858325717
4586.597858325717
4586.597858325717
4586.597858325717
4586.597858325717
4586.597858325717
4586.597858325717
4586.597858325717
4586.597858325717
4586.597858325717
4586.597858325717
4606.47
4606.47
4606.47
4606.47
4606.47
4606.47
4606.47
4606.47
4606.47
4606.47
4606.47
4606.47
4606.47
4606.47
4606.47
4606.47
4606.47
